image: ikea.png
resolution: 0.025000
origin: [-28.2350000, -16.980000, 0.000000]
negate: 0
occupied_thresh: 0.65
free_thresh: 0.196

